  1.0000000e+000 -5.4194347e-002  3.0170772e+001 -4.8786617e-001  1.0000000e+000 -8.4988607e-002  6.3540673e-002  5.2688337e+000 -7.2460529e+000  7.9060871e+001  1.0000000e+000 -8.4988607e-002  6.3540673e-002  2.4737174e-001 -3.4020219e-001  3.7119079e+000 -1.3000000e+001
  1.0000000e+000 -5.4199858e-002  7.8444091e+001 -1.2684257e+000  1.0000000e+000 -8.4996602e-002  6.3539148e-002  1.3698929e+001 -1.8839593e+001  2.0555762e+002  1.0000000e+000 -8.4996602e-002  6.3539148e-002  6.4316470e-001 -8.8451889e-001  9.6509302e+000 -1.1000000e+001
  1.0000000e+000 -5.4194843e-002  9.0512331e+001 -1.4635880e+000  1.0000000e+000 -8.4988899e-002  6.3534321e-002  1.5806466e+001 -2.1738115e+001  2.3718091e+002  1.0000000e+000 -8.4988899e-002  6.3534321e-002  7.4211357e-001 -1.0206045e+000  1.1135644e+001 -1.1000000e+001
  1.0000000e+000 -5.4186329e-002  1.0197751e+002 -1.6486181e+000  1.0000000e+000 -8.4981468e-002  6.3608232e-002  1.7808720e+001 -2.4491947e+001  2.6724645e+002  1.0000000e+000 -8.4981468e-002  6.3608232e-002  8.3611939e-001 -1.1498969e+000  1.2547221e+001  0.0000000e+000
  1.0000000e+000 -5.4208197e-002  1.3576627e+002 -2.1951057e+000  1.0000000e+000 -8.5004102e-002  6.3458310e-002  2.3695406e+001 -3.2606178e+001  3.5573982e+002  1.0000000e+000 -8.5004102e-002  6.3458310e-002  1.1124993e+000 -1.5308601e+000  1.6701984e+001  1.2000000e+001
  1.0000000e+000 -5.4205074e-002  1.7197006e+002 -2.7808815e+000  1.0000000e+000 -8.4998845e-002  6.3462062e-002  3.0014287e+001 -4.1301608e+001  4.5060612e+002  1.0000000e+000 -8.4998845e-002  6.3462062e-002  1.4091708e+000 -1.9391105e+000  2.1155957e+001  1.3000000e+001
  1.0000000e+000 -5.4203596e-002  1.8404182e+002 -2.9760768e+000  1.0000000e+000 -8.4998277e-002  6.3497691e-002  3.2139711e+001 -4.4200317e+001  4.8224722e+002  1.0000000e+000 -8.4998277e-002  6.3497691e-002  1.5089594e+000 -2.0752049e+000  2.2641507e+001  1.3000000e+001
  1.0000000e+000 -5.4199122e-002  1.0354608e+002 -1.6744215e+000  1.0000000e+000 -8.4993780e-002  6.3513159e-002  1.8082651e+001 -2.4868198e+001  2.7132821e+002  1.0000000e+000 -8.4993780e-002  6.3513159e-002  9.0413253e-002 -1.2434099e-001  1.3566410e+000 -2.3000000e+001
  1.0000000e+000 -5.4199119e-002  1.0354609e+002 -1.6744215e+000  1.0000000e+000 -8.4993780e-002  6.3513246e-002  1.8082671e+001 -2.4868198e+001  2.7132823e+002  1.0000000e+000 -8.4993780e-002  6.3513246e-002  4.8823212e-001 -6.7144136e-001  7.3258623e+000 -2.2000000e+001
  1.0000000e+000 -5.4199125e-002  1.0354608e+002 -1.6744215e+000  1.0000000e+000 -8.4993784e-002  6.3513108e-002  1.8082606e+001 -2.4868199e+001  2.7132819e+002  1.0000000e+000 -8.4993784e-002  6.3513108e-002  6.6001510e-001 -9.0768925e-001  9.9034789e+000 -2.1000000e+001
  1.0000000e+000 -5.4199123e-002  1.0354609e+002 -1.6744215e+000  1.0000000e+000 -8.4993782e-002  6.3513243e-002  1.8082563e+001 -2.4868198e+001  2.7132823e+002  1.0000000e+000 -8.4993782e-002  6.3513243e-002  8.5349697e-001 -1.1737790e+000  1.2806692e+001  0.0000000e+000
  1.0000000e+000 -5.4199128e-002  1.0354609e+002 -1.6744215e+000  1.0000000e+000 -8.4993784e-002  6.3513101e-002  1.8082551e+001 -2.4868199e+001  2.7132819e+002  1.0000000e+000 -8.4993784e-002  6.3513101e-002  1.3561913e+000 -1.8651149e+000  2.0349614e+001  2.2000000e+001
  1.0000000e+000 -5.4199122e-002  1.0354608e+002 -1.6744215e+000  1.0000000e+000 -8.4993782e-002  6.3513321e-002  1.8082553e+001 -2.4868198e+001  2.7132825e+002  1.0000000e+000 -8.4993782e-002  6.3513321e-002  1.8082553e+000 -2.4868198e+000  2.7132825e+001  2.3000000e+001
  1.0000000e+000 -5.4199126e-002  1.0354608e+002 -1.6744215e+000  1.0000000e+000 -8.4993784e-002  6.3513112e-002  1.8082565e+001 -2.4868199e+001  2.7132819e+002  1.0000000e+000 -8.4993784e-002  6.3513112e-002  2.7123848e+000 -3.7302298e+000  4.0699229e+001  2.3000000e+001
  1.0000000e+000 -5.4212681e-002  1.0354644e+002 -1.6741625e+000  1.0000000e+000 -8.5019838e-002  6.3631467e-002  1.8082483e+001 -2.4868630e+001  2.7136247e+002  1.0000000e+000 -8.5019838e-002  6.3631467e-002  8.4897257e-001 -1.1675822e+000  1.2740468e+001 -3.3000000e+001
  1.0000000e+000 -5.4205921e-002  1.0354607e+002 -1.6744582e+000  1.0000000e+000 -8.5006765e-002  6.3572034e-002  1.8082523e+001 -2.4868517e+001  2.7134530e+002  1.0000000e+000 -8.5006765e-002  6.3572034e-002  8.4897446e-001 -1.1675769e+000  1.2739662e+001 -3.2000000e+001
  1.0000000e+000 -5.4200760e-002  1.0354604e+002 -1.6744512e+000  1.0000000e+000 -8.4999575e-002  6.3568454e-002  1.8082453e+001 -2.4868522e+001  2.7134465e+002  1.0000000e+000 -8.4999575e-002  6.3568454e-002  8.4897118e-001 -1.1675771e+000  1.2739631e+001 -3.1000000e+001
  1.0000000e+000 -5.4199360e-002  1.0354608e+002 -1.6744266e+000  1.0000000e+000 -8.4994274e-002  6.3515725e-002  1.8082502e+001 -2.4868214e+001  2.7132895e+002  1.0000000e+000 -8.4994274e-002  6.3515725e-002  8.4897349e-001 -1.1675627e+000  1.2738894e+001  0.0000000e+000
  1.0000000e+000 -5.4191512e-002  1.0354609e+002 -1.6743418e+000  1.0000000e+000 -8.4983324e-002  6.3530930e-002  1.8082622e+001 -2.4868416e+001  2.7133444e+002  1.0000000e+000 -8.4983324e-002  6.3530930e-002  8.4897912e-001 -1.1675721e+000  1.2739152e+001  3.1000000e+001
  1.0000000e+000 -5.3639843e-002  1.0355148e+002 -1.6741797e+000  1.0000000e+000 -8.4577783e-002  6.5396764e-002  1.8078898e+001 -2.4850903e+001  2.7180351e+002  1.0000000e+000 -8.4577783e-002  6.5396764e-002  8.4880425e-001 -1.1667499e+000  1.2761175e+001  3.3000000e+001
  1.0000000e+000 -5.4165518e-002  1.0354582e+002 -1.6743189e+000  1.0000000e+000 -8.4946087e-002  6.3517921e-002  1.8082766e+001 -2.4868497e+001  2.7133259e+002  1.0000000e+000 -8.4946087e-002  6.3517921e-002  8.4898589e-001 -1.1675759e+000  1.2739065e+001  3.3000000e+001
  1.0000000e+000 -5.7136288e-002  1.0354519e+002 -1.6340049e+000  1.0000000e+000 -8.6703994e-002  6.7585362e-002  1.8196897e+001 -2.3884170e+001  2.7084817e+002  1.0000000e+000 -8.6703994e-002  6.7585362e-002  8.5434429e-001 -1.1213618e+000  1.2716321e+001 -4.2000000e+001
  1.0000000e+000 -5.6611582e-002  1.0355675e+002 -1.6483068e+000  1.0000000e+000 -8.6154795e-002  6.9892472e-002  1.8131450e+001 -2.4383106e+001  2.7143671e+002  1.0000000e+000 -8.6154795e-002  6.9892472e-002  8.5127158e-001 -1.1447868e+000  1.2743954e+001 -4.1000000e+001
  1.0000000e+000 -5.4649475e-002  1.0352117e+002 -1.6675874e+000  1.0000000e+000 -8.4833051e-002  6.7798079e-002  1.8088033e+001 -2.4701812e+001  2.7188763e+002  1.0000000e+000 -8.4833051e-002  6.7798079e-002  8.4923314e-001 -1.1597501e+000  1.2765124e+001 -4.1000000e+001
  1.0000000e+000 -5.1379280e-002  1.0353640e+002 -1.6737804e+000  1.0000000e+000 -8.7164806e-002  6.7547322e-002  1.8073831e+001 -2.4879006e+001  2.7221481e+002  1.0000000e+000 -8.7164806e-002  6.7547322e-002  8.4856635e-001 -1.1680693e+000  1.2780485e+001  0.0000000e+000
  1.0000000e+000 -5.1108501e-002  1.0352780e+002 -1.6790762e+000  1.0000000e+000 -8.7438789e-002  6.9134409e-002  1.8044370e+001 -2.5077680e+001  2.7251294e+002  1.0000000e+000 -8.7438789e-002  6.9134409e-002  8.4718318e-001 -1.1773971e+000  1.2794482e+001  4.1000000e+001
  1.0000000e+000 -5.6284850e-002  1.0355518e+002 -1.6835314e+000  1.0000000e+000 -8.6685466e-002  7.2085860e-002  1.8031670e+001 -2.5300952e+001  2.7251264e+002  1.0000000e+000 -8.6685466e-002  7.2085860e-002  8.4658692e-001 -1.1878797e+000  1.2794469e+001  4.2000000e+001
  1.0000000e+000 -5.2129827e-002  1.0353238e+002 -1.6967245e+000  1.0000000e+000 -8.3736316e-002  6.9201690e-002  1.8009815e+001 -2.5416964e+001  2.7300731e+002  1.0000000e+000 -8.3736316e-002  6.9201690e-002  8.4556083e-001 -1.1933265e+000  1.2817693e+001  4.3000000e+001
  1.0000000e+000 -5.1932614e-002  1.0964401e+002 -2.2790377e+000  1.0000000e+000 -8.3402911e-002  6.6218699e-002  2.3592698e+000 -4.0971610e+001  4.0112224e+002  1.0000000e+000 -8.3402911e-002  6.6218699e-002  1.1076780e-001 -1.9236171e+000  1.8832689e+001 -5.3000000e+001
  1.0000000e+000 -5.2455880e-002  1.0864843e+002 -2.1064140e+000  1.0000000e+000 -8.7956383e-002  6.1262248e-002  5.9120149e+000 -3.6138861e+001  3.6315158e+002  1.0000000e+000 -8.7956383e-002  6.1262248e-002  2.7756908e-001 -1.6967195e+000  1.7049967e+001 -5.3000000e+001
  1.0000000e+000 -5.2176781e-002  1.0725154e+002 -1.9416269e+000  1.0000000e+000 -8.6085165e-002  7.0674710e-002  1.0008562e+001 -3.1797492e+001  3.2749339e+002  1.0000000e+000 -8.6085165e-002  7.0674710e-002  4.6990199e-001 -1.4928922e+000  1.5375814e+001 -5.2000000e+001
  1.0000000e+000 -5.3865808e-002  1.0366701e+002 -1.6821311e+000  1.0000000e+000 -8.4818539e-002  6.3976186e-002  1.7844518e+001 -2.5023951e+001  2.7294098e+002  1.0000000e+000 -8.4818539e-002  6.3976186e-002  8.3780014e-001 -1.1748745e+000  1.2814579e+001  0.0000000e+000
  1.0000000e+000 -5.1424479e-002  9.8281892e+001 -1.4291229e+000  1.0000000e+000 -8.4640114e-002  6.7427096e-002  2.6040147e+001 -1.9172647e+001  2.2429843e+002  1.0000000e+000 -8.4640114e-002  6.7427096e-002  1.2225849e+000 -9.0015579e-001  1.0530811e+001  5.2000000e+001
  1.0000000e+000 -5.6083872e-002  9.2131124e+001 -1.2330153e+000  1.0000000e+000 -8.8304982e-002  7.5029314e-002  3.2354941e+001 -1.4971643e+001  1.8743252e+002  1.0000000e+000 -8.8304982e-002  7.5029314e-002  1.5190645e+000 -7.0291865e-001  8.7999569e+000  5.3000000e+001
  1.0000000e+000 -5.6661496e-002  8.2369620e+001 -9.9262141e-001  1.0000000e+000 -9.0487187e-002  8.0880712e-002  3.8194646e+001 -1.0307636e+001  1.4581902e+002  1.0000000e+000 -9.0487187e-002  8.0880712e-002  1.7932386e+000 -4.8394352e-001  6.8462031e+000  5.3000000e+001
  1.0000000e+000 -5.3210054e-002  1.1605488e+002 -1.7803927e+000  1.0000000e+000 -8.4557417e-002  6.7205815e-002  2.7187239e+001 -2.5049048e+001  2.7806201e+002  1.0000000e+000 -8.4557417e-002  6.7205815e-002  1.2764409e+000 -1.1760528e+000  1.3055012e+001 -6.3000000e+001
  1.0000000e+000 -5.3870821e-002  1.1042206e+002 -1.7327376e+000  1.0000000e+000 -8.4903060e-002  6.5508089e-002  2.2885663e+001 -2.4975530e+001  2.7514720e+002  1.0000000e+000 -8.4903060e-002  6.5508089e-002  1.0744819e+000 -1.1726012e+000  1.2918161e+001 -6.2000000e+001
  1.0000000e+000 -5.4217793e-002  1.0322267e+002 -1.6716543e+000  1.0000000e+000 -8.5000899e-002  6.3382878e-002  1.7869662e+001 -2.4863104e+001  2.7112811e+002  1.0000000e+000 -8.5000899e-002  6.3382878e-002  8.3898064e-001 -1.1673227e+000  1.2729465e+001  0.0000000e+000
  1.0000000e+000 -5.4468606e-002  9.8844878e+001 -1.6339531e+000  1.0000000e+000 -8.5090107e-002  6.1718617e-002  1.5082640e+001 -2.4794865e+001  2.6836276e+002  1.0000000e+000 -8.5090107e-002  6.1718617e-002  7.0812996e-001 -1.1641189e+000  1.2599632e+001  6.1000000e+001
  1.0000000e+000 -5.3450845e-002  9.3111654e+001 -1.5849285e+000  1.0000000e+000 -8.4207293e-002  6.4107798e-002  1.1756744e+001 -2.4638456e+001  2.6589389e+002  1.0000000e+000 -8.4207293e-002  6.4107798e-002  5.5197915e-001 -1.1567755e+000  1.2483718e+001  6.3000000e+001
  1.0000000e+000 -5.5194245e-002  8.5532876e+001 -1.5180903e+000  1.0000000e+000 -8.5328656e-002  7.2771054e-002  7.9321889e+000 -2.4567896e+001  2.6015277e+002  1.0000000e+000 -8.5328656e-002  7.2771054e-002  3.7241627e-001 -1.1534627e+000  1.2214173e+001  6.3000000e+001
  1.0000000e+000 -5.6339820e-002  7.8957909e+001 -1.4585773e+000  1.0000000e+000 -8.6028831e-002  7.0667659e-002  5.1281155e+000 -2.4466852e+001  2.5571494e+002  1.0000000e+000 -8.6028831e-002  7.0667659e-002  2.4076502e-001 -1.1487187e+000  1.2005816e+001  6.3000000e+001
